!  step         time [s]        P11 [MPa]          F11-1.0        P22 [MPa]          F22-1.0        P33 [MPa]          F33-1.0        P13 [MPa]              F13        P23 [MPa]              F23
      1      0.00000E+00      0.00000E+00      0.00000E+00      0.00000E+00      0.00000E+00      0.00000E+00      0.00000E+00      0.00000E+00      0.00000E+00      0.00000E+00      0.00000E+00
      1      5.00000E-03      1.25243E+02      1.25000E-03     -7.36793E+01     -5.00000E-04     -5.23580E+01     -3.12500E-04      2.83910E+01      5.00000E-04      2.13132E+02      3.75000E-03
      1      1.00000E-02      1.40669E+02      2.50000E-03     -8.33282E+01     -1.00000E-03     -5.91883E+01     -6.25000E-04      3.18738E+01      1.00000E-03      2.39864E+02      7.50000E-03
      1      1.50000E-02      1.55122E+02      3.75000E-03     -9.27315E+01     -1.50000E-03     -6.55269E+01     -9.37500E-04      3.51702E+01      1.50000E-03      2.65172E+02      1.12500E-02
      1      2.00000E-02      1.68674E+02      5.00000E-03     -1.01828E+02     -2.00000E-03     -7.14889E+01     -1.25000E-03      3.82828E+01      2.00000E-03      2.89118E+02      1.50000E-02
      1      2.50000E-02      1.81380E+02      6.25000E-03     -1.10601E+02     -2.50000E-03     -7.71274E+01     -1.56250E-03      4.12175E+01      2.50000E-03      3.11766E+02      1.87500E-02
      1      3.00000E-02      1.93289E+02      7.50000E-03     -1.19053E+02     -3.00000E-03     -8.24713E+01     -1.87500E-03      4.39816E+01      3.00000E-03      3.33176E+02      2.25000E-02
      1      3.50000E-02      2.04445E+02      8.75000E-03     -1.27194E+02     -3.50000E-03     -8.75389E+01     -2.18750E-03      4.65829E+01      3.50000E-03      3.53409E+02      2.62500E-02
      1      4.00000E-02      2.14889E+02      1.00000E-02     -1.35036E+02     -4.00000E-03     -9.23445E+01     -2.50000E-03      4.90290E+01      4.00000E-03      3.72523E+02      3.00000E-02
      1      4.50000E-02      2.24659E+02      1.12500E-02     -1.42592E+02     -4.50000E-03     -9.68999E+01     -2.81250E-03      5.13276E+01      4.50000E-03      3.90575E+02      3.37500E-02
      1      5.00000E-02      2.33793E+02      1.25000E-02     -1.49875E+02     -5.00000E-03     -1.01216E+02     -3.12500E-03      5.34861E+01      5.00000E-03      4.07619E+02      3.75000E-02
      1      5.50000E-02      2.42326E+02      1.37500E-02     -1.56900E+02     -5.50000E-03     -1.05304E+02     -3.43750E-03      5.55118E+01      5.50000E-03      4.23708E+02      4.12500E-02
      1      6.00000E-02      2.50292E+02      1.50000E-02     -1.63677E+02     -6.00000E-03     -1.09173E+02     -3.75000E-03      5.74115E+01      6.00000E-03      4.38891E+02      4.50000E-02
      1      6.50000E-02      2.57722E+02      1.62500E-02     -1.70220E+02     -6.50000E-03     -1.12833E+02     -4.06250E-03      5.91919E+01      6.50000E-03      4.53215E+02      4.87500E-02
      1      7.00000E-02      2.64647E+02      1.75000E-02     -1.76541E+02     -7.00000E-03     -1.16293E+02     -4.37500E-03      6.08594E+01      7.00000E-03      4.66729E+02      5.25000E-02
      1      7.50000E-02      2.71096E+02      1.87500E-02     -1.82651E+02     -7.50000E-03     -1.19562E+02     -4.68750E-03      6.24203E+01      7.50000E-03      4.79474E+02      5.62500E-02
      1      8.00000E-02      2.77097E+02      2.00000E-02     -1.88561E+02     -8.00000E-03     -1.22649E+02     -5.00000E-03      6.38804E+01      8.00000E-03      4.91492E+02      6.00000E-02
      1      8.50000E-02      2.82675E+02      2.12500E-02     -1.94281E+02     -8.50000E-03     -1.25562E+02     -5.31250E-03      6.52453E+01      8.50000E-03      5.02825E+02      6.37500E-02
      1      9.00000E-02      2.87856E+02      2.25000E-02     -1.99821E+02     -9.00000E-03     -1.28310E+02     -5.62500E-03      6.65204E+01      9.00000E-03      5.13509E+02      6.75000E-02
      1      9.50000E-02      2.92662E+02      2.37500E-02     -2.05192E+02     -9.50000E-03     -1.30900E+02     -5.93750E-03      6.77109E+01      9.50000E-03      5.23582E+02      7.12500E-02
      1      1.00000E-01      2.97117E+02      2.50000E-02     -2.10402E+02     -1.00000E-02     -1.33339E+02     -6.25000E-03      6.88216E+01      1.00000E-02      5.33077E+02      7.50000E-02
      1      1.05000E-01      3.01240E+02      2.62500E-02     -2.15460E+02     -1.05000E-02     -1.35636E+02     -6.56250E-03      6.98572E+01      1.05000E-02      5.42027E+02      7.87500E-02
      1      1.10000E-01      3.05052E+02      2.75000E-02     -2.20375E+02     -1.10000E-02     -1.37796E+02     -6.87500E-03      7.08221E+01      1.10000E-02      5.50464E+02      8.25000E-02
      1      1.15000E-01      3.08572E+02      2.87500E-02     -2.25154E+02     -1.15000E-02     -1.39827E+02     -7.18750E-03      7.17205E+01      1.15000E-02      5.58417E+02      8.62500E-02
      1      1.20000E-01      3.11818E+02      3.00000E-02     -2.29805E+02     -1.20000E-02     -1.41735E+02     -7.50000E-03      7.25564E+01      1.20000E-02      5.65913E+02      9.00000E-02
      1      1.25000E-01      3.14806E+02      3.12500E-02     -2.34336E+02     -1.25000E-02     -1.43526E+02     -7.81250E-03      7.33335E+01      1.25000E-02      5.72979E+02      9.37500E-02
      1      1.30000E-01      3.17551E+02      3.25000E-02     -2.38753E+02     -1.30000E-02     -1.45207E+02     -8.12500E-03      7.40554E+01      1.30000E-02      5.79641E+02      9.75000E-02
      1      1.35000E-01      3.20070E+02      3.37500E-02     -2.43062E+02     -1.35000E-02     -1.46782E+02     -8.43750E-03      7.47254E+01      1.35000E-02      5.85922E+02      1.01250E-01
      1      1.40000E-01      3.22375E+02      3.50000E-02     -2.47271E+02     -1.40000E-02     -1.48257E+02     -8.75000E-03      7.53468E+01      1.40000E-02      5.91844E+02      1.05000E-01
      1      1.45000E-01      3.24481E+02      3.62500E-02     -2.51384E+02     -1.45000E-02     -1.49637E+02     -9.06250E-03      7.59225E+01      1.45000E-02      5.97429E+02      1.08750E-01
      1      1.50000E-01      3.26400E+02      3.75000E-02     -2.55408E+02     -1.50000E-02     -1.50927E+02     -9.37500E-03      7.64554E+01      1.50000E-02      6.02697E+02      1.12500E-01
      1      1.55000E-01      3.28142E+02      3.87500E-02     -2.59347E+02     -1.55000E-02     -1.52132E+02     -9.68750E-03      7.69481E+01      1.55000E-02      6.07666E+02      1.16250E-01
      1      1.60000E-01      3.29721E+02      4.00000E-02     -2.63208E+02     -1.60000E-02     -1.53256E+02     -1.00000E-02      7.74032E+01      1.60000E-02      6.12355E+02      1.20000E-01
      1      1.65000E-01      3.31145E+02      4.12500E-02     -2.66994E+02     -1.65000E-02     -1.54304E+02     -1.03125E-02      7.78230E+01      1.65000E-02      6.16780E+02      1.23750E-01
      1      1.70000E-01      3.32424E+02      4.25000E-02     -2.70710E+02     -1.70000E-02     -1.55280E+02     -1.06250E-02      7.82098E+01      1.70000E-02      6.20958E+02      1.27500E-01
      1      1.75000E-01      3.33569E+02      4.37500E-02     -2.74360E+02     -1.75000E-02     -1.56187E+02     -1.09375E-02      7.85656E+01      1.75000E-02      6.24902E+02      1.31250E-01
      1      1.80000E-01      3.34587E+02      4.50000E-02     -2.77949E+02     -1.80000E-02     -1.57029E+02     -1.12500E-02      7.88924E+01      1.80000E-02      6.28628E+02      1.35000E-01
      1      1.85000E-01      3.35486E+02      4.62500E-02     -2.81480E+02     -1.85000E-02     -1.57810E+02     -1.15625E-02      7.91921E+01      1.85000E-02      6.32148E+02      1.38750E-01
      1      1.90000E-01      3.36274E+02      4.75000E-02     -2.84957E+02     -1.90000E-02     -1.58532E+02     -1.18750E-02      7.94664E+01      1.90000E-02      6.35476E+02      1.42500E-01
      1      1.95000E-01      3.36959E+02      4.87500E-02     -2.88383E+02     -1.95000E-02     -1.59200E+02     -1.21875E-02      7.97170E+01      1.95000E-02      6.38622E+02      1.46250E-01
      1      2.00000E-01      3.37546E+02      5.00000E-02     -2.91762E+02     -2.00000E-02     -1.59816E+02     -1.25000E-02      7.99453E+01      2.00000E-02      6.41598E+02      1.50000E-01
      1      2.05000E-01      3.38043E+02      5.12500E-02     -2.95097E+02     -2.05000E-02     -1.60383E+02     -1.28125E-02      8.01528E+01      2.05000E-02      6.44415E+02      1.53750E-01
      1      2.10000E-01      3.38455E+02      5.25000E-02     -2.98390E+02     -2.10000E-02     -1.60903E+02     -1.31250E-02      8.03409E+01      2.10000E-02      6.47082E+02      1.57500E-01
      1      2.15000E-01      3.38787E+02      5.37500E-02     -3.01645E+02     -2.15000E-02     -1.61380E+02     -1.34375E-02      8.05108E+01      2.15000E-02      6.49608E+02      1.61250E-01
      1      2.20000E-01      3.39046E+02      5.50000E-02     -3.04863E+02     -2.20000E-02     -1.61816E+02     -1.37500E-02      8.06637E+01      2.20000E-02      6.52002E+02      1.65000E-01
      1      2.25000E-01      3.39235E+02      5.62500E-02     -3.08047E+02     -2.25000E-02     -1.62212E+02     -1.40625E-02      8.08008E+01      2.25000E-02      6.54272E+02      1.68750E-01
      1      2.30000E-01      3.39359E+02      5.75000E-02     -3.11201E+02     -2.30000E-02     -1.62572E+02     -1.43750E-02      8.09230E+01      2.30000E-02      6.56426E+02      1.72500E-01
      1      2.35000E-01      3.39423E+02      5.87500E-02     -3.14325E+02     -2.35000E-02     -1.62897E+02     -1.46875E-02      8.10314E+01      2.35000E-02      6.58472E+02      1.76250E-01
      1      2.40000E-01      3.39431E+02      6.00000E-02     -3.17421E+02     -2.40000E-02     -1.63189E+02     -1.50000E-02      8.11268E+01      2.40000E-02      6.60414E+02      1.80000E-01
      1      2.45000E-01      3.39386E+02      6.12500E-02     -3.20493E+02     -2.45000E-02     -1.63450E+02     -1.53125E-02      8.12101E+01      2.45000E-02      6.62262E+02      1.83750E-01
      1      2.50000E-01      3.39292E+02      6.25000E-02     -3.23541E+02     -2.50000E-02     -1.63682E+02     -1.56250E-02      8.12821E+01      2.50000E-02      6.64019E+02      1.87500E-01
      1      2.55000E-01      3.39152E+02      6.37500E-02     -3.26568E+02     -2.55000E-02     -1.63887E+02     -1.59375E-02      8.13436E+01      2.55000E-02      6.65692E+02      1.91250E-01
      1      2.60000E-01      3.38969E+02      6.50000E-02     -3.29575E+02     -2.60000E-02     -1.64066E+02     -1.62500E-02      8.13952E+01      2.60000E-02      6.67285E+02      1.95000E-01
      1      2.65000E-01      3.38746E+02      6.62500E-02     -3.32563E+02     -2.65000E-02     -1.64220E+02     -1.65625E-02      8.14376E+01      2.65000E-02      6.68805E+02      1.98750E-01
      1      2.70000E-01      3.38486E+02      6.75000E-02     -3.35534E+02     -2.70000E-02     -1.64351E+02     -1.68750E-02      8.14715E+01      2.70000E-02      6.70255E+02      2.02500E-01
      1      2.75000E-01      3.38192E+02      6.87500E-02     -3.38489E+02     -2.75000E-02     -1.64460E+02     -1.71875E-02      8.14973E+01      2.75000E-02      6.71640E+02      2.06250E-01
      1      2.80000E-01      3.37866E+02      7.00000E-02     -3.41431E+02     -2.80000E-02     -1.64550E+02     -1.75000E-02      8.15157E+01      2.80000E-02      6.72964E+02      2.10000E-01
      1      2.85000E-01      3.37509E+02      7.12500E-02     -3.44358E+02     -2.85000E-02     -1.64619E+02     -1.78125E-02      8.15271E+01      2.85000E-02      6.74231E+02      2.13750E-01
      1      2.90000E-01      3.37124E+02      7.25000E-02     -3.47274E+02     -2.90000E-02     -1.64671E+02     -1.81250E-02      8.15320E+01      2.90000E-02      6.75443E+02      2.17500E-01
      1      2.95000E-01      3.36714E+02      7.37500E-02     -3.50180E+02     -2.95000E-02     -1.64706E+02     -1.84375E-02      8.15308E+01      2.95000E-02      6.76606E+02      2.21250E-01
      1      3.00000E-01      3.36279E+02      7.50000E-02     -3.53075E+02     -3.00000E-02     -1.64724E+02     -1.87500E-02      8.15240E+01      3.00000E-02      6.77721E+02      2.25000E-01
      1      3.05000E-01      3.35822E+02      7.62500E-02     -3.55961E+02     -3.05000E-02     -1.64728E+02     -1.90625E-02      8.15119E+01      3.05000E-02      6.78793E+02      2.28750E-01
      1      3.10000E-01      3.35344E+02      7.75000E-02     -3.58839E+02     -3.10000E-02     -1.64717E+02     -1.93750E-02      8.14949E+01      3.10000E-02      6.79822E+02      2.32500E-01
      1      3.15000E-01      3.34847E+02      7.87500E-02     -3.61710E+02     -3.15000E-02     -1.64693E+02     -1.96875E-02      8.14733E+01      3.15000E-02      6.80813E+02      2.36250E-01
      1      3.20000E-01      3.34332E+02      8.00000E-02     -3.64575E+02     -3.20000E-02     -1.64657E+02     -2.00000E-02      8.14474E+01      3.20000E-02      6.81768E+02      2.40000E-01
      1      3.25000E-01      3.33800E+02      8.12500E-02     -3.67434E+02     -3.25000E-02     -1.64608E+02     -2.03125E-02      8.14176E+01      3.25000E-02      6.82688E+02      2.43750E-01
      1      3.30000E-01      3.33253E+02      8.25000E-02     -3.70288E+02     -3.30000E-02     -1.64549E+02     -2.06250E-02      8.13840E+01      3.30000E-02      6.83576E+02      2.47500E-01
      1      3.35000E-01      3.32691E+02      8.37500E-02     -3.73138E+02     -3.35000E-02     -1.64479E+02     -2.09375E-02      8.13470E+01      3.35000E-02      6.84435E+02      2.51250E-01
      1      3.40000E-01      3.32116E+02      8.50000E-02     -3.75985E+02     -3.40000E-02     -1.64400E+02     -2.12500E-02      8.13068E+01      3.40000E-02      6.85265E+02      2.55000E-01
      1      3.45000E-01      3.31529E+02      8.62500E-02     -3.78828E+02     -3.45000E-02     -1.64311E+02     -2.15625E-02      8.12636E+01      3.45000E-02      6.86069E+02      2.58750E-01
      1      3.50000E-01      3.30931E+02      8.75000E-02     -3.81670E+02     -3.50000E-02     -1.64213E+02     -2.18750E-02      8.12176E+01      3.50000E-02      6.86848E+02      2.62500E-01
      1      3.55000E-01      3.30322E+02      8.87500E-02     -3.84509E+02     -3.55000E-02     -1.64108E+02     -2.21875E-02      8.11690E+01      3.55000E-02      6.87604E+02      2.66250E-01
      1      3.60000E-01      3.29704E+02      9.00000E-02     -3.87347E+02     -3.60000E-02     -1.63995E+02     -2.25000E-02      8.11179E+01      3.60000E-02      6.88339E+02      2.70000E-01
      1      3.65000E-01      3.29077E+02      9.12500E-02     -3.90184E+02     -3.65000E-02     -1.63875E+02     -2.28125E-02      8.10647E+01      3.65000E-02      6.89053E+02      2.73750E-01
      1      3.70000E-01      3.28442E+02      9.25000E-02     -3.93020E+02     -3.70000E-02     -1.63748E+02     -2.31250E-02      8.10093E+01      3.70000E-02      6.89748E+02      2.77500E-01
      1      3.75000E-01      3.27799E+02      9.37500E-02     -3.95857E+02     -3.75000E-02     -1.63615E+02     -2.34375E-02      8.09520E+01      3.75000E-02      6.90425E+02      2.81250E-01
      1      3.80000E-01      3.27150E+02      9.50000E-02     -3.98694E+02     -3.80000E-02     -1.63476E+02     -2.37500E-02      8.08929E+01      3.80000E-02      6.91086E+02      2.85000E-01
      1      3.85000E-01      3.26494E+02      9.62500E-02     -4.01531E+02     -3.85000E-02     -1.63332E+02     -2.40625E-02      8.08321E+01      3.85000E-02      6.91730E+02      2.88750E-01
      1      3.90000E-01      3.25832E+02      9.75000E-02     -4.04370E+02     -3.90000E-02     -1.63182E+02     -2.43750E-02      8.07697E+01      3.90000E-02      6.92361E+02      2.92500E-01
      1      3.95000E-01      3.25166E+02      9.87500E-02     -4.07211E+02     -3.95000E-02     -1.63028E+02     -2.46875E-02      8.07059E+01      3.95000E-02      6.92977E+02      2.96250E-01
      1      4.00000E-01      3.24494E+02      1.00000E-01     -4.10052E+02     -4.00000E-02     -1.62869E+02     -2.50000E-02      8.06408E+01      4.00000E-02      6.93580E+02      3.00000E-01
      1      4.05000E-01      3.23818E+02      1.01250E-01     -4.12897E+02     -4.05000E-02     -1.62706E+02     -2.53125E-02      8.05744E+01      4.05000E-02      6.94172E+02      3.03750E-01
      1      4.10000E-01      3.23139E+02      1.02500E-01     -4.15743E+02     -4.10000E-02     -1.62539E+02     -2.56250E-02      8.05068E+01      4.10000E-02      6.94751E+02      3.07500E-01
      1      4.15000E-01      3.22456E+02      1.03750E-01     -4.18592E+02     -4.15000E-02     -1.62369E+02     -2.59375E-02      8.04382E+01      4.15000E-02      6.95321E+02      3.11250E-01
      1      4.20000E-01      3.21770E+02      1.05000E-01     -4.21444E+02     -4.20000E-02     -1.62195E+02     -2.62500E-02      8.03686E+01      4.20000E-02      6.95880E+02      3.15000E-01
      1      4.25000E-01      3.21081E+02      1.06250E-01     -4.24299E+02     -4.25000E-02     -1.62018E+02     -2.65625E-02      8.02981E+01      4.25000E-02      6.96430E+02      3.18750E-01
      1      4.30000E-01      3.20389E+02      1.07500E-01     -4.27157E+02     -4.30000E-02     -1.61838E+02     -2.68750E-02      8.02267E+01      4.30000E-02      6.96971E+02      3.22500E-01
      1      4.35000E-01      3.19696E+02      1.08750E-01     -4.30019E+02     -4.35000E-02     -1.61655E+02     -2.71875E-02      8.01545E+01      4.35000E-02      6.97504E+02      3.26250E-01
      1      4.40000E-01      3.19000E+02      1.10000E-01     -4.32884E+02     -4.40000E-02     -1.61470E+02     -2.75000E-02      8.00816E+01      4.40000E-02      6.98029E+02      3.30000E-01
      1      4.45000E-01      3.18303E+02      1.11250E-01     -4.35753E+02     -4.45000E-02     -1.61282E+02     -2.78125E-02      8.00081E+01      4.45000E-02      6.98547E+02      3.33750E-01
      1      4.50000E-01      3.17604E+02      1.12500E-01     -4.38627E+02     -4.50000E-02     -1.61092E+02     -2.81250E-02      7.99338E+01      4.50000E-02      6.99058E+02      3.37500E-01
      1      4.55000E-01      3.16905E+02      1.13750E-01     -4.41504E+02     -4.55000E-02     -1.60900E+02     -2.84375E-02      7.98591E+01      4.55000E-02      6.99562E+02      3.41250E-01
      1      4.60000E-01      3.16204E+02      1.15000E-01     -4.44386E+02     -4.60000E-02     -1.60706E+02     -2.87500E-02      7.97838E+01      4.60000E-02      7.00061E+02      3.45000E-01
      1      4.65000E-01      3.15502E+02      1.16250E-01     -4.47273E+02     -4.65000E-02     -1.60511E+02     -2.90625E-02      7.97080E+01      4.65000E-02      7.00554E+02      3.48750E-01
      1      4.70000E-01      3.14800E+02      1.17500E-01     -4.50164E+02     -4.70000E-02     -1.60314E+02     -2.93750E-02      7.96318E+01      4.70000E-02      7.01042E+02      3.52500E-01
      1      4.75000E-01      3.14098E+02      1.18750E-01     -4.53060E+02     -4.75000E-02     -1.60115E+02     -2.96875E-02      7.95552E+01      4.75000E-02      7.01525E+02      3.56250E-01
      1      4.80000E-01      3.13395E+02      1.20000E-01     -4.55961E+02     -4.80000E-02     -1.59915E+02     -3.00000E-02      7.94782E+01      4.80000E-02      7.02003E+02      3.60000E-01
      1      4.85000E-01      3.12692E+02      1.21250E-01     -4.58867E+02     -4.85000E-02     -1.59714E+02     -3.03125E-02      7.94009E+01      4.85000E-02      7.02477E+02      3.63750E-01
      1      4.90000E-01      3.11989E+02      1.22500E-01     -4.61778E+02     -4.90000E-02     -1.59511E+02     -3.06250E-02      7.93232E+01      4.90000E-02      7.02946E+02      3.67500E-01
      1      4.95000E-01      3.11286E+02      1.23750E-01     -4.64695E+02     -4.95000E-02     -1.59308E+02     -3.09375E-02      7.92453E+01      4.95000E-02      7.03412E+02      3.71250E-01
      1      5.00000E-01      3.10583E+02      1.25000E-01     -4.67617E+02     -5.00000E-02     -1.59103E+02     -3.12500E-02      7.91671E+01      5.00000E-02      7.03874E+02      3.75000E-01
      1      5.05000E-01      3.09881E+02      1.26250E-01     -4.70544E+02     -5.05000E-02     -1.58898E+02     -3.15625E-02      7.90886E+01      5.05000E-02      7.04333E+02      3.78750E-01
      1      5.10000E-01      3.09179E+02      1.27500E-01     -4.73477E+02     -5.10000E-02     -1.58692E+02     -3.18750E-02      7.90100E+01      5.10000E-02      7.04788E+02      3.82500E-01
      1      5.15000E-01      3.08478E+02      1.28750E-01     -4.76415E+02     -5.15000E-02     -1.58485E+02     -3.21875E-02      7.89312E+01      5.15000E-02      7.05241E+02      3.86250E-01
      1      5.20000E-01      3.07777E+02      1.30000E-01     -4.79360E+02     -5.20000E-02     -1.58278E+02     -3.25000E-02      7.88522E+01      5.20000E-02      7.05690E+02      3.90000E-01
      1      5.25000E-01      3.07078E+02      1.31250E-01     -4.82309E+02     -5.25000E-02     -1.58069E+02     -3.28125E-02      7.87730E+01      5.25000E-02      7.06137E+02      3.93750E-01
      1      5.30000E-01      3.06378E+02      1.32500E-01     -4.85265E+02     -5.30000E-02     -1.57861E+02     -3.31250E-02      7.86938E+01      5.30000E-02      7.06582E+02      3.97500E-01
      1      5.35000E-01      3.05680E+02      1.33750E-01     -4.88227E+02     -5.35000E-02     -1.57652E+02     -3.34375E-02      7.86144E+01      5.35000E-02      7.07024E+02      4.01250E-01
      1      5.40000E-01      3.04983E+02      1.35000E-01     -4.91195E+02     -5.40000E-02     -1.57443E+02     -3.37500E-02      7.85348E+01      5.40000E-02      7.07463E+02      4.05000E-01
      1      5.45000E-01      3.04286E+02      1.36250E-01     -4.94169E+02     -5.45000E-02     -1.57233E+02     -3.40625E-02      7.84552E+01      5.45000E-02      7.07901E+02      4.08750E-01
      1      5.50000E-01      3.03591E+02      1.37500E-01     -4.97149E+02     -5.50000E-02     -1.57023E+02     -3.43750E-02      7.83756E+01      5.50000E-02      7.08337E+02      4.12500E-01
      1      5.55000E-01      3.02897E+02      1.38750E-01     -5.00135E+02     -5.55000E-02     -1.56813E+02     -3.46875E-02      7.82958E+01      5.55000E-02      7.08770E+02      4.16250E-01
      1      5.60000E-01      3.02204E+02      1.40000E-01     -5.03127E+02     -5.60000E-02     -1.56602E+02     -3.50000E-02      7.82160E+01      5.60000E-02      7.09202E+02      4.20000E-01
      1      5.65000E-01      3.01512E+02      1.41250E-01     -5.06126E+02     -5.65000E-02     -1.56392E+02     -3.53125E-02      7.81362E+01      5.65000E-02      7.09633E+02      4.23750E-01
      1      5.70000E-01      3.00821E+02      1.42500E-01     -5.09131E+02     -5.70000E-02     -1.56181E+02     -3.56250E-02      7.80563E+01      5.70000E-02      7.10062E+02      4.27500E-01
      1      5.75000E-01      3.00132E+02      1.43750E-01     -5.12142E+02     -5.75000E-02     -1.55970E+02     -3.59375E-02      7.79764E+01      5.75000E-02      7.10489E+02      4.31250E-01
      1      5.80000E-01      2.99444E+02      1.45000E-01     -5.15160E+02     -5.80000E-02     -1.55759E+02     -3.62500E-02      7.78965E+01      5.80000E-02      7.10915E+02      4.35000E-01
      1      5.85000E-01      2.98757E+02      1.46250E-01     -5.18184E+02     -5.85000E-02     -1.55548E+02     -3.65625E-02      7.78166E+01      5.85000E-02      7.11339E+02      4.38750E-01
      1      5.90000E-01      2.98072E+02      1.47500E-01     -5.21214E+02     -5.90000E-02     -1.55338E+02     -3.68750E-02      7.77366E+01      5.90000E-02      7.11762E+02      4.42500E-01
      1      5.95000E-01      2.97388E+02      1.48750E-01     -5.24252E+02     -5.95000E-02     -1.55127E+02     -3.71875E-02      7.76567E+01      5.95000E-02      7.12184E+02      4.46250E-01
      1      6.00000E-01      2.96705E+02      1.50000E-01     -5.27295E+02     -6.00000E-02     -1.54916E+02     -3.75000E-02      7.75768E+01      6.00000E-02      7.12605E+02      4.50000E-01
      1      6.05000E-01      2.96024E+02      1.51250E-01     -5.30346E+02     -6.05000E-02     -1.54705E+02     -3.78125E-02      7.74969E+01      6.05000E-02      7.13025E+02      4.53750E-01
      1      6.10000E-01      2.95344E+02      1.52500E-01     -5.33402E+02     -6.10000E-02     -1.54495E+02     -3.81250E-02      7.74170E+01      6.10000E-02      7.13444E+02      4.57500E-01
      1      6.15000E-01      2.94666E+02      1.53750E-01     -5.36466E+02     -6.15000E-02     -1.54285E+02     -3.84375E-02      7.73372E+01      6.15000E-02      7.13862E+02      4.61250E-01
      1      6.20000E-01      2.93989E+02      1.55000E-01     -5.39536E+02     -6.20000E-02     -1.54074E+02     -3.87500E-02      7.72574E+01      6.20000E-02      7.14278E+02      4.65000E-01
      1      6.25000E-01      2.93314E+02      1.56250E-01     -5.42613E+02     -6.25000E-02     -1.53864E+02     -3.90625E-02      7.71776E+01      6.25000E-02      7.14694E+02      4.68750E-01
      1      6.30000E-01      2.92640E+02      1.57500E-01     -5.45697E+02     -6.30000E-02     -1.53655E+02     -3.93750E-02      7.70979E+01      6.30000E-02      7.15110E+02      4.72500E-01
      1      6.35000E-01      2.91968E+02      1.58750E-01     -5.48788E+02     -6.35000E-02     -1.53445E+02     -3.96875E-02      7.70182E+01      6.35000E-02      7.15524E+02      4.76250E-01
      1      6.40000E-01      2.91298E+02      1.60000E-01     -5.51885E+02     -6.40000E-02     -1.53236E+02     -4.00000E-02      7.69385E+01      6.40000E-02      7.15937E+02      4.80000E-01
      1      6.45000E-01      2.90629E+02      1.61250E-01     -5.54989E+02     -6.45000E-02     -1.53027E+02     -4.03125E-02      7.68589E+01      6.45000E-02      7.16350E+02      4.83750E-01
      1      6.50000E-01      2.89961E+02      1.62500E-01     -5.58100E+02     -6.50000E-02     -1.52818E+02     -4.06250E-02      7.67794E+01      6.50000E-02      7.16762E+02      4.87500E-01
      1      6.55000E-01      2.89295E+02      1.63750E-01     -5.61218E+02     -6.55000E-02     -1.52609E+02     -4.09375E-02      7.66999E+01      6.55000E-02      7.17174E+02      4.91250E-01
      1      6.60000E-01      2.88631E+02      1.65000E-01     -5.64343E+02     -6.60000E-02     -1.52401E+02     -4.12500E-02      7.66205E+01      6.60000E-02      7.17585E+02      4.95000E-01
      1      6.65000E-01      2.87968E+02      1.66250E-01     -5.67474E+02     -6.65000E-02     -1.52193E+02     -4.15625E-02      7.65412E+01      6.65000E-02      7.17995E+02      4.98750E-01
      1      6.70000E-01      2.87307E+02      1.67500E-01     -5.70613E+02     -6.70000E-02     -1.51985E+02     -4.18750E-02      7.64619E+01      6.70000E-02      7.18405E+02      5.02500E-01
      1      6.75000E-01      2.86648E+02      1.68750E-01     -5.73758E+02     -6.75000E-02     -1.51778E+02     -4.21875E-02      7.63827E+01      6.75000E-02      7.18814E+02      5.06250E-01
      1      6.80000E-01      2.85990E+02      1.70000E-01     -5.76911E+02     -6.80000E-02     -1.51571E+02     -4.25000E-02      7.63035E+01      6.80000E-02      7.19222E+02      5.10000E-01
      1      6.85000E-01      2.85333E+02      1.71250E-01     -5.80070E+02     -6.85000E-02     -1.51364E+02     -4.28125E-02      7.62244E+01      6.85000E-02      7.19630E+02      5.13750E-01
      1      6.90000E-01      2.84679E+02      1.72500E-01     -5.83237E+02     -6.90000E-02     -1.51158E+02     -4.31250E-02      7.61454E+01      6.90000E-02      7.20038E+02      5.17500E-01
      1      6.95000E-01      2.84026E+02      1.73750E-01     -5.86410E+02     -6.95000E-02     -1.50952E+02     -4.34375E-02      7.60665E+01      6.95000E-02      7.20445E+02      5.21250E-01
      1      7.00000E-01      2.83374E+02      1.75000E-01     -5.89591E+02     -7.00000E-02     -1.50747E+02     -4.37500E-02      7.59876E+01      7.00000E-02      7.20851E+02      5.25000E-01
      1      7.05000E-01      2.82725E+02      1.76250E-01     -5.92778E+02     -7.05000E-02     -1.50541E+02     -4.40625E-02      7.59089E+01      7.05000E-02      7.21258E+02      5.28750E-01
      1      7.10000E-01      2.82076E+02      1.77500E-01     -5.95973E+02     -7.10000E-02     -1.50337E+02     -4.43750E-02      7.58302E+01      7.10000E-02      7.21663E+02      5.32500E-01
      1      7.15000E-01      2.81430E+02      1.78750E-01     -5.99175E+02     -7.15000E-02     -1.50132E+02     -4.46875E-02      7.57515E+01      7.15000E-02      7.22069E+02      5.36250E-01
      1      7.20000E-01      2.80785E+02      1.80000E-01     -6.02384E+02     -7.20000E-02     -1.49928E+02     -4.50000E-02      7.56730E+01      7.20000E-02      7.22474E+02      5.40000E-01
      1      7.25000E-01      2.80141E+02      1.81250E-01     -6.05600E+02     -7.25000E-02     -1.49725E+02     -4.53125E-02      7.55945E+01      7.25000E-02      7.22878E+02      5.43750E-01
      1      7.30000E-01      2.79500E+02      1.82500E-01     -6.08823E+02     -7.30000E-02     -1.49521E+02     -4.56250E-02      7.55162E+01      7.30000E-02      7.23282E+02      5.47500E-01
      1      7.35000E-01      2.78860E+02      1.83750E-01     -6.12053E+02     -7.35000E-02     -1.49319E+02     -4.59375E-02      7.54379E+01      7.35000E-02      7.23686E+02      5.51250E-01
      1      7.40000E-01      2.78221E+02      1.85000E-01     -6.15290E+02     -7.40000E-02     -1.49116E+02     -4.62500E-02      7.53597E+01      7.40000E-02      7.24089E+02      5.55000E-01
      1      7.45000E-01      2.77584E+02      1.86250E-01     -6.18535E+02     -7.45000E-02     -1.48914E+02     -4.65625E-02      7.52815E+01      7.45000E-02      7.24492E+02      5.58750E-01
      1      7.50000E-01      2.76949E+02      1.87500E-01     -6.21787E+02     -7.50000E-02     -1.48713E+02     -4.68750E-02      7.52035E+01      7.50000E-02      7.24895E+02      5.62500E-01
      1      7.55000E-01      2.76315E+02      1.88750E-01     -6.25046E+02     -7.55000E-02     -1.48512E+02     -4.71875E-02      7.51256E+01      7.55000E-02      7.25297E+02      5.66250E-01
      1      7.60000E-01      2.75683E+02      1.90000E-01     -6.28312E+02     -7.60000E-02     -1.48311E+02     -4.75000E-02      7.50477E+01      7.60000E-02      7.25700E+02      5.70000E-01
      1      7.65000E-01      2.75053E+02      1.91250E-01     -6.31585E+02     -7.65000E-02     -1.48111E+02     -4.78125E-02      7.49699E+01      7.65000E-02      7.26101E+02      5.73750E-01
      1      7.70000E-01      2.74424E+02      1.92500E-01     -6.34866E+02     -7.70000E-02     -1.47911E+02     -4.81250E-02      7.48922E+01      7.70000E-02      7.26503E+02      5.77500E-01
      1      7.75000E-01      2.73797E+02      1.93750E-01     -6.38154E+02     -7.75000E-02     -1.47711E+02     -4.84375E-02      7.48146E+01      7.75000E-02      7.26904E+02      5.81250E-01
      1      7.80000E-01      2.73171E+02      1.95000E-01     -6.41449E+02     -7.80000E-02     -1.47512E+02     -4.87500E-02      7.47371E+01      7.80000E-02      7.27305E+02      5.85000E-01
      1      7.85000E-01      2.72547E+02      1.96250E-01     -6.44752E+02     -7.85000E-02     -1.47314E+02     -4.90625E-02      7.46597E+01      7.85000E-02      7.27705E+02      5.88750E-01
      1      7.90000E-01      2.71925E+02      1.97500E-01     -6.48061E+02     -7.90000E-02     -1.47116E+02     -4.93750E-02      7.45824E+01      7.90000E-02      7.28106E+02      5.92500E-01
      1      7.95000E-01      2.71304E+02      1.98750E-01     -6.51379E+02     -7.95000E-02     -1.46918E+02     -4.96875E-02      7.45051E+01      7.95000E-02      7.28506E+02      5.96250E-01
      1      8.00000E-01      2.70684E+02      2.00000E-01     -6.54703E+02     -8.00000E-02     -1.46721E+02     -5.00000E-02      7.44280E+01      8.00000E-02      7.28906E+02      6.00000E-01
      1      8.05000E-01      2.70067E+02      2.01250E-01     -6.58035E+02     -8.05000E-02     -1.46524E+02     -5.03125E-02      7.43509E+01      8.05000E-02      7.29305E+02      6.03750E-01
      1      8.10000E-01      2.69450E+02      2.02500E-01     -6.61374E+02     -8.10000E-02     -1.46328E+02     -5.06250E-02      7.42740E+01      8.10000E-02      7.29704E+02      6.07500E-01
      1      8.15000E-01      2.68836E+02      2.03750E-01     -6.64720E+02     -8.15000E-02     -1.46132E+02     -5.09375E-02      7.41971E+01      8.15000E-02      7.30103E+02      6.11250E-01
      1      8.20000E-01      2.68223E+02      2.05000E-01     -6.68074E+02     -8.20000E-02     -1.45937E+02     -5.12500E-02      7.41203E+01      8.20000E-02      7.30502E+02      6.15000E-01
      1      8.25000E-01      2.67611E+02      2.06250E-01     -6.71435E+02     -8.25000E-02     -1.45742E+02     -5.15625E-02      7.40436E+01      8.25000E-02      7.30901E+02      6.18750E-01
      1      8.30000E-01      2.67001E+02      2.07500E-01     -6.74804E+02     -8.30000E-02     -1.45548E+02     -5.18750E-02      7.39670E+01      8.30000E-02      7.31299E+02      6.22500E-01
      1      8.35000E-01      2.66393E+02      2.08750E-01     -6.78180E+02     -8.35000E-02     -1.45354E+02     -5.21875E-02      7.38905E+01      8.35000E-02      7.31697E+02      6.26250E-01
      1      8.40000E-01      2.65786E+02      2.10000E-01     -6.81563E+02     -8.40000E-02     -1.45160E+02     -5.25000E-02      7.38141E+01      8.40000E-02      7.32095E+02      6.30000E-01
      1      8.45000E-01      2.65181E+02      2.11250E-01     -6.84954E+02     -8.45000E-02     -1.44967E+02     -5.28125E-02      7.37377E+01      8.45000E-02      7.32492E+02      6.33750E-01
      1      8.50000E-01      2.64577E+02      2.12500E-01     -6.88352E+02     -8.50000E-02     -1.44775E+02     -5.31250E-02      7.36615E+01      8.50000E-02      7.32890E+02      6.37500E-01
      1      8.55000E-01      2.63975E+02      2.13750E-01     -6.91758E+02     -8.55000E-02     -1.44582E+02     -5.34375E-02      7.35854E+01      8.55000E-02      7.33287E+02      6.41250E-01
      1      8.60000E-01      2.63374E+02      2.15000E-01     -6.95171E+02     -8.60000E-02     -1.44391E+02     -5.37500E-02      7.35093E+01      8.60000E-02      7.33684E+02      6.45000E-01
      1      8.65000E-01      2.62775E+02      2.16250E-01     -6.98592E+02     -8.65000E-02     -1.44200E+02     -5.40625E-02      7.34333E+01      8.65000E-02      7.34081E+02      6.48750E-01
      1      8.70000E-01      2.62177E+02      2.17500E-01     -7.02020E+02     -8.70000E-02     -1.44009E+02     -5.43750E-02      7.33575E+01      8.70000E-02      7.34477E+02      6.52500E-01
      1      8.75000E-01      2.61581E+02      2.18750E-01     -7.05456E+02     -8.75000E-02     -1.43819E+02     -5.46875E-02      7.32817E+01      8.75000E-02      7.34874E+02      6.56250E-01
      1      8.80000E-01      2.60986E+02      2.20000E-01     -7.08899E+02     -8.80000E-02     -1.43629E+02     -5.50000E-02      7.32060E+01      8.80000E-02      7.35270E+02      6.60000E-01
      1      8.85000E-01      2.60393E+02      2.21250E-01     -7.12349E+02     -8.85000E-02     -1.43440E+02     -5.53125E-02      7.31304E+01      8.85000E-02      7.35666E+02      6.63750E-01
      1      8.90000E-01      2.59801E+02      2.22500E-01     -7.15808E+02     -8.90000E-02     -1.43251E+02     -5.56250E-02      7.30549E+01      8.90000E-02      7.36061E+02      6.67500E-01
      1      8.95000E-01      2.59211E+02      2.23750E-01     -7.19273E+02     -8.95000E-02     -1.43063E+02     -5.59375E-02      7.29795E+01      8.95000E-02      7.36457E+02      6.71250E-01
      1      9.00000E-01      2.58623E+02      2.25000E-01     -7.22747E+02     -9.00000E-02     -1.42875E+02     -5.62500E-02      7.29041E+01      9.00000E-02      7.36852E+02      6.75000E-01
      1      9.05000E-01      2.58035E+02      2.26250E-01     -7.26227E+02     -9.05000E-02     -1.42687E+02     -5.65625E-02      7.28289E+01      9.05000E-02      7.37247E+02      6.78750E-01
      1      9.10000E-01      2.57450E+02      2.27500E-01     -7.29716E+02     -9.10000E-02     -1.42500E+02     -5.68750E-02      7.27538E+01      9.10000E-02      7.37642E+02      6.82500E-01
      1      9.15000E-01      2.56865E+02      2.28750E-01     -7.33212E+02     -9.15000E-02     -1.42314E+02     -5.71875E-02      7.26787E+01      9.15000E-02      7.38037E+02      6.86250E-01
      1      9.20000E-01      2.56283E+02      2.30000E-01     -7.36715E+02     -9.20000E-02     -1.42128E+02     -5.75000E-02      7.26038E+01      9.20000E-02      7.38431E+02      6.90000E-01
      1      9.25000E-01      2.55701E+02      2.31250E-01     -7.40227E+02     -9.25000E-02     -1.41942E+02     -5.78125E-02      7.25289E+01      9.25000E-02      7.38826E+02      6.93750E-01
      1      9.30000E-01      2.55121E+02      2.32500E-01     -7.43745E+02     -9.30000E-02     -1.41757E+02     -5.81250E-02      7.24541E+01      9.30000E-02      7.39220E+02      6.97500E-01
      1      9.35000E-01      2.54543E+02      2.33750E-01     -7.47272E+02     -9.35000E-02     -1.41573E+02     -5.84375E-02      7.23795E+01      9.35000E-02      7.39614E+02      7.01250E-01
      1      9.40000E-01      2.53966E+02      2.35000E-01     -7.50806E+02     -9.40000E-02     -1.41389E+02     -5.87500E-02      7.23049E+01      9.40000E-02      7.40008E+02      7.05000E-01
      1      9.45000E-01      2.53391E+02      2.36250E-01     -7.54348E+02     -9.45000E-02     -1.41205E+02     -5.90625E-02      7.22304E+01      9.45000E-02      7.40401E+02      7.08750E-01
      1      9.50000E-01      2.52816E+02      2.37500E-01     -7.57897E+02     -9.50000E-02     -1.41022E+02     -5.93750E-02      7.21560E+01      9.50000E-02      7.40795E+02      7.12500E-01
      1      9.55000E-01      2.52244E+02      2.38750E-01     -7.61454E+02     -9.55000E-02     -1.40839E+02     -5.96875E-02      7.20816E+01      9.55000E-02      7.41188E+02      7.16250E-01
      1      9.60000E-01      2.51673E+02      2.40000E-01     -7.65019E+02     -9.60000E-02     -1.40657E+02     -6.00000E-02      7.20074E+01      9.60000E-02      7.41581E+02      7.20000E-01
      1      9.65000E-01      2.51103E+02      2.41250E-01     -7.68591E+02     -9.65000E-02     -1.40475E+02     -6.03125E-02      7.19333E+01      9.65000E-02      7.41974E+02      7.23750E-01
      1      9.70000E-01      2.50534E+02      2.42500E-01     -7.72171E+02     -9.70000E-02     -1.40294E+02     -6.06250E-02      7.18592E+01      9.70000E-02      7.42367E+02      7.27500E-01
      1      9.75000E-01      2.49967E+02      2.43750E-01     -7.75759E+02     -9.75000E-02     -1.40113E+02     -6.09375E-02      7.17853E+01      9.75000E-02      7.42760E+02      7.31250E-01
      1      9.80000E-01      2.49402E+02      2.45000E-01     -7.79355E+02     -9.80000E-02     -1.39933E+02     -6.12500E-02      7.17114E+01      9.80000E-02      7.43152E+02      7.35000E-01
      1      9.85000E-01      2.48838E+02      2.46250E-01     -7.82958E+02     -9.85000E-02     -1.39753E+02     -6.15625E-02      7.16376E+01      9.85000E-02      7.43544E+02      7.38750E-01
      1      9.90000E-01      2.48275E+02      2.47500E-01     -7.86569E+02     -9.90000E-02     -1.39574E+02     -6.18750E-02      7.15640E+01      9.90000E-02      7.43936E+02      7.42500E-01
      1      9.95000E-01      2.47714E+02      2.48750E-01     -7.90188E+02     -9.95000E-02     -1.39395E+02     -6.21875E-02      7.14904E+01      9.95000E-02      7.44328E+02      7.46250E-01
      1      1.00000E+00      2.47154E+02      2.50000E-01     -7.93815E+02     -1.00000E-01     -1.39217E+02     -6.25000E-02      7.14168E+01      1.00000E-01      7.44720E+02      7.50000E-01
      1      1.00500E+00      2.46595E+02      2.51250E-01     -7.97449E+02     -1.00500E-01     -1.39039E+02     -6.28125E-02      7.13434E+01      1.00500E-01      7.45112E+02      7.53750E-01
      1      1.01000E+00      2.46038E+02      2.52500E-01     -8.01092E+02     -1.01000E-01     -1.38862E+02     -6.31250E-02      7.12701E+01      1.01000E-01      7.45503E+02      7.57500E-01
      1      1.01500E+00      2.45482E+02      2.53750E-01     -8.04742E+02     -1.01500E-01     -1.38685E+02     -6.34375E-02      7.11969E+01      1.01500E-01      7.45895E+02      7.61250E-01
      1      1.02000E+00      2.44927E+02      2.55000E-01     -8.08400E+02     -1.02000E-01     -1.38508E+02     -6.37500E-02      7.11237E+01      1.02000E-01      7.46286E+02      7.65000E-01
      1      1.02500E+00      2.44374E+02      2.56250E-01     -8.12065E+02     -1.02500E-01     -1.38332E+02     -6.40625E-02      7.10507E+01      1.02500E-01      7.46677E+02      7.68750E-01
      1      1.03000E+00      2.43822E+02      2.57500E-01     -8.15739E+02     -1.03000E-01     -1.38157E+02     -6.43750E-02      7.09777E+01      1.03000E-01      7.47068E+02      7.72500E-01
      1      1.03500E+00      2.43272E+02      2.58750E-01     -8.19420E+02     -1.03500E-01     -1.37982E+02     -6.46875E-02      7.09048E+01      1.03500E-01      7.47458E+02      7.76250E-01
      1      1.04000E+00      2.42723E+02      2.60000E-01     -8.23110E+02     -1.04000E-01     -1.37807E+02     -6.50000E-02      7.08320E+01      1.04000E-01      7.47849E+02      7.80000E-01
      1      1.04500E+00      2.42175E+02      2.61250E-01     -8.26807E+02     -1.04500E-01     -1.37633E+02     -6.53125E-02      7.07593E+01      1.04500E-01      7.48239E+02      7.83750E-01
      1      1.05000E+00      2.41629E+02      2.62500E-01     -8.30512E+02     -1.05000E-01     -1.37460E+02     -6.56250E-02      7.06867E+01      1.05000E-01      7.48630E+02      7.87500E-01
      1      1.05500E+00      2.41084E+02      2.63750E-01     -8.34225E+02     -1.05500E-01     -1.37287E+02     -6.59375E-02      7.06142E+01      1.05500E-01      7.49020E+02      7.91250E-01
      1      1.06000E+00      2.40540E+02      2.65000E-01     -8.37946E+02     -1.06000E-01     -1.37114E+02     -6.62500E-02      7.05418E+01      1.06000E-01      7.49410E+02      7.95000E-01
      1      1.06500E+00      2.39998E+02      2.66250E-01     -8.41675E+02     -1.06500E-01     -1.36942E+02     -6.65625E-02      7.04694E+01      1.06500E-01      7.49800E+02      7.98750E-01
      1      1.07000E+00      2.39457E+02      2.67500E-01     -8.45412E+02     -1.07000E-01     -1.36770E+02     -6.68750E-02      7.03972E+01      1.07000E-01      7.50189E+02      8.02500E-01
      1      1.07500E+00      2.38917E+02      2.68750E-01     -8.49156E+02     -1.07500E-01     -1.36599E+02     -6.71875E-02      7.03250E+01      1.07500E-01      7.50579E+02      8.06250E-01
      1      1.08000E+00      2.38379E+02      2.70000E-01     -8.52909E+02     -1.08000E-01     -1.36428E+02     -6.75000E-02      7.02529E+01      1.08000E-01      7.50968E+02      8.10000E-01
      1      1.08500E+00      2.37842E+02      2.71250E-01     -8.56670E+02     -1.08500E-01     -1.36258E+02     -6.78125E-02      7.01809E+01      1.08500E-01      7.51358E+02      8.13750E-01
      1      1.09000E+00      2.37306E+02      2.72500E-01     -8.60438E+02     -1.09000E-01     -1.36088E+02     -6.81250E-02      7.01090E+01      1.09000E-01      7.51747E+02      8.17500E-01
      1      1.09500E+00      2.36771E+02      2.73750E-01     -8.64215E+02     -1.09500E-01     -1.35919E+02     -6.84375E-02      7.00372E+01      1.09500E-01      7.52136E+02      8.21250E-01
      1      1.10000E+00      2.36238E+02      2.75000E-01     -8.68000E+02     -1.10000E-01     -1.35750E+02     -6.87500E-02      6.99655E+01      1.10000E-01      7.52525E+02      8.25000E-01
      1      1.10500E+00      2.35706E+02      2.76250E-01     -8.71793E+02     -1.10500E-01     -1.35582E+02     -6.90625E-02      6.98938E+01      1.10500E-01      7.52913E+02      8.28750E-01
      1      1.11000E+00      2.35175E+02      2.77500E-01     -8.75594E+02     -1.11000E-01     -1.35414E+02     -6.93750E-02      6.98223E+01      1.11000E-01      7.53302E+02      8.32500E-01
      1      1.11500E+00      2.34646E+02      2.78750E-01     -8.79402E+02     -1.11500E-01     -1.35247E+02     -6.96875E-02      6.97508E+01      1.11500E-01      7.53690E+02      8.36250E-01
      1      1.12000E+00      2.34118E+02      2.80000E-01     -8.83219E+02     -1.12000E-01     -1.35080E+02     -7.00000E-02      6.96794E+01      1.12000E-01      7.54079E+02      8.40000E-01
      1      1.12500E+00      2.33591E+02      2.81250E-01     -8.87044E+02     -1.12500E-01     -1.34913E+02     -7.03125E-02      6.96081E+01      1.12500E-01      7.54467E+02      8.43750E-01
      1      1.13000E+00      2.33066E+02      2.82500E-01     -8.90877E+02     -1.13000E-01     -1.34748E+02     -7.06250E-02      6.95369E+01      1.13000E-01      7.54855E+02      8.47500E-01
      1      1.13500E+00      2.32541E+02      2.83750E-01     -8.94719E+02     -1.13500E-01     -1.34582E+02     -7.09375E-02      6.94658E+01      1.13500E-01      7.55243E+02      8.51250E-01
      1      1.14000E+00      2.32018E+02      2.85000E-01     -8.98568E+02     -1.14000E-01     -1.34417E+02     -7.12500E-02      6.93948E+01      1.14000E-01      7.55631E+02      8.55000E-01
      1      1.14500E+00      2.31497E+02      2.86250E-01     -9.02425E+02     -1.14500E-01     -1.34253E+02     -7.15625E-02      6.93238E+01      1.14500E-01      7.56019E+02      8.58750E-01
      1      1.15000E+00      2.30976E+02      2.87500E-01     -9.06291E+02     -1.15000E-01     -1.34089E+02     -7.18750E-02      6.92530E+01      1.15000E-01      7.56406E+02      8.62500E-01
      1      1.15500E+00      2.30457E+02      2.88750E-01     -9.10165E+02     -1.15500E-01     -1.33925E+02     -7.21875E-02      6.91822E+01      1.15500E-01      7.56794E+02      8.66250E-01
      1      1.16000E+00      2.29939E+02      2.90000E-01     -9.14047E+02     -1.16000E-01     -1.33762E+02     -7.25000E-02      6.91115E+01      1.16000E-01      7.57181E+02      8.70000E-01
      1      1.16500E+00      2.29422E+02      2.91250E-01     -9.17937E+02     -1.16500E-01     -1.33599E+02     -7.28125E-02      6.90409E+01      1.16500E-01      7.57569E+02      8.73750E-01
      1      1.17000E+00      2.28907E+02      2.92500E-01     -9.21835E+02     -1.17000E-01     -1.33437E+02     -7.31250E-02      6.89704E+01      1.17000E-01      7.57956E+02      8.77500E-01
      1      1.17500E+00      2.28392E+02      2.93750E-01     -9.25742E+02     -1.17500E-01     -1.33276E+02     -7.34375E-02      6.89000E+01      1.17500E-01      7.58343E+02      8.81250E-01
      1      1.18000E+00      2.27879E+02      2.95000E-01     -9.29656E+02     -1.18000E-01     -1.33115E+02     -7.37500E-02      6.88296E+01      1.18000E-01      7.58730E+02      8.85000E-01
      1      1.18500E+00      2.27367E+02      2.96250E-01     -9.33580E+02     -1.18500E-01     -1.32954E+02     -7.40625E-02      6.87594E+01      1.18500E-01      7.59116E+02      8.88750E-01
      1      1.19000E+00      2.26857E+02      2.97500E-01     -9.37511E+02     -1.19000E-01     -1.32794E+02     -7.43750E-02      6.86892E+01      1.19000E-01      7.59503E+02      8.92500E-01
      1      1.19500E+00      2.26347E+02      2.98750E-01     -9.41450E+02     -1.19500E-01     -1.32634E+02     -7.46875E-02      6.86191E+01      1.19500E-01      7.59890E+02      8.96250E-01
      1      1.20000E+00      2.25839E+02      3.00000E-01     -9.45398E+02     -1.20000E-01     -1.32475E+02     -7.50000E-02      6.85491E+01      1.20000E-01      7.60276E+02      9.00000E-01
      1      1.20500E+00      2.25332E+02      3.01250E-01     -9.49354E+02     -1.20500E-01     -1.32316E+02     -7.53125E-02      6.84792E+01      1.20500E-01      7.60662E+02      9.03750E-01
      1      1.21000E+00      2.24826E+02      3.02500E-01     -9.53318E+02     -1.21000E-01     -1.32158E+02     -7.56250E-02      6.84093E+01      1.21000E-01      7.61049E+02      9.07500E-01
      1      1.21500E+00      2.24322E+02      3.03750E-01     -9.57291E+02     -1.21500E-01     -1.32000E+02     -7.59375E-02      6.83396E+01      1.21500E-01      7.61435E+02      9.11250E-01
      1      1.22000E+00      2.23818E+02      3.05000E-01     -9.61272E+02     -1.22000E-01     -1.31842E+02     -7.62500E-02      6.82699E+01      1.22000E-01      7.61821E+02      9.15000E-01
      1      1.22500E+00      2.23316E+02      3.06250E-01     -9.65261E+02     -1.22500E-01     -1.31686E+02     -7.65625E-02      6.82003E+01      1.22500E-01      7.62207E+02      9.18750E-01
      1      1.23000E+00      2.22815E+02      3.07500E-01     -9.69259E+02     -1.23000E-01     -1.31529E+02     -7.68750E-02      6.81308E+01      1.23000E-01      7.62593E+02      9.22500E-01
      1      1.23500E+00      2.22315E+02      3.08750E-01     -9.73265E+02     -1.23500E-01     -1.31373E+02     -7.71875E-02      6.80614E+01      1.23500E-01      7.62978E+02      9.26250E-01
      1      1.24000E+00      2.21816E+02      3.10000E-01     -9.77279E+02     -1.24000E-01     -1.31218E+02     -7.75000E-02      6.79921E+01      1.24000E-01      7.63364E+02      9.30000E-01
      1      1.24500E+00      2.21319E+02      3.11250E-01     -9.81302E+02     -1.24500E-01     -1.31063E+02     -7.78125E-02      6.79229E+01      1.24500E-01      7.63749E+02      9.33750E-01
      1      1.25000E+00      2.20823E+02      3.12500E-01     -9.85334E+02     -1.25000E-01     -1.30908E+02     -7.81250E-02      6.78537E+01      1.25000E-01      7.64135E+02      9.37500E-01
      1      1.25500E+00      2.20327E+02      3.13750E-01     -9.89373E+02     -1.25500E-01     -1.30754E+02     -7.84375E-02      6.77846E+01      1.25500E-01      7.64520E+02      9.41250E-01
      1      1.26000E+00      2.19833E+02      3.15000E-01     -9.93421E+02     -1.26000E-01     -1.30601E+02     -7.87500E-02      6.77156E+01      1.26000E-01      7.64905E+02      9.45000E-01
      1      1.26500E+00      2.19340E+02      3.16250E-01     -9.97478E+02     -1.26500E-01     -1.30448E+02     -7.90625E-02      6.76467E+01      1.26500E-01      7.65291E+02      9.48750E-01
      1      1.27000E+00      2.18849E+02      3.17500E-01     -1.00154E+03     -1.27000E-01     -1.30295E+02     -7.93750E-02      6.75779E+01      1.27000E-01      7.65676E+02      9.52500E-01
      1      1.27500E+00      2.18358E+02      3.18750E-01     -1.00562E+03     -1.27500E-01     -1.30143E+02     -7.96875E-02      6.75092E+01      1.27500E-01      7.66061E+02      9.56250E-01
      1      1.28000E+00      2.17869E+02      3.20000E-01     -1.00970E+03     -1.28000E-01     -1.29991E+02     -8.00000E-02      6.74405E+01      1.28000E-01      7.66445E+02      9.60000E-01
      1      1.28500E+00      2.17380E+02      3.21250E-01     -1.01379E+03     -1.28500E-01     -1.29840E+02     -8.03125E-02      6.73719E+01      1.28500E-01      7.66830E+02      9.63750E-01
      1      1.29000E+00      2.16893E+02      3.22500E-01     -1.01789E+03     -1.29000E-01     -1.29690E+02     -8.06250E-02      6.73034E+01      1.29000E-01      7.67215E+02      9.67500E-01
      1      1.29500E+00      2.16407E+02      3.23750E-01     -1.02200E+03     -1.29500E-01     -1.29539E+02     -8.09375E-02      6.72350E+01      1.29500E-01      7.67599E+02      9.71250E-01
      1      1.30000E+00      2.15922E+02      3.25000E-01     -1.02611E+03     -1.30000E-01     -1.29390E+02     -8.12500E-02      6.71667E+01      1.30000E-01      7.67984E+02      9.75000E-01
      1      1.30500E+00      2.15439E+02      3.26250E-01     -1.03024E+03     -1.30500E-01     -1.29240E+02     -8.15625E-02      6.70984E+01      1.30500E-01      7.68368E+02      9.78750E-01
      1      1.31000E+00      2.14956E+02      3.27500E-01     -1.03437E+03     -1.31000E-01     -1.29091E+02     -8.18750E-02      6.70303E+01      1.31000E-01      7.68752E+02      9.82500E-01
      1      1.31500E+00      2.14475E+02      3.28750E-01     -1.03851E+03     -1.31500E-01     -1.28943E+02     -8.21875E-02      6.69622E+01      1.31500E-01      7.69137E+02      9.86250E-01
      1      1.32000E+00      2.13994E+02      3.30000E-01     -1.04266E+03     -1.32000E-01     -1.28795E+02     -8.25000E-02      6.68942E+01      1.32000E-01      7.69521E+02      9.90000E-01
      1      1.32500E+00      2.13515E+02      3.31250E-01     -1.04682E+03     -1.32500E-01     -1.28648E+02     -8.28125E-02      6.68263E+01      1.32500E-01      7.69905E+02      9.93750E-01
      1      1.33000E+00      2.13037E+02      3.32500E-01     -1.05099E+03     -1.33000E-01     -1.28501E+02     -8.31250E-02      6.67584E+01      1.33000E-01      7.70289E+02      9.97500E-01
      1      1.33500E+00      2.12560E+02      3.33750E-01     -1.05516E+03     -1.33500E-01     -1.28355E+02     -8.34375E-02      6.66907E+01      1.33500E-01      7.70673E+02      1.00125E+00
      1      1.34000E+00      2.12084E+02      3.35000E-01     -1.05935E+03     -1.34000E-01     -1.28209E+02     -8.37500E-02      6.66230E+01      1.34000E-01      7.71057E+02      1.00500E+00
      1      1.34500E+00      2.11609E+02      3.36250E-01     -1.06354E+03     -1.34500E-01     -1.28063E+02     -8.40625E-02      6.65554E+01      1.34500E-01      7.71440E+02      1.00875E+00
      1      1.35000E+00      2.11135E+02      3.37500E-01     -1.06774E+03     -1.35000E-01     -1.27918E+02     -8.43750E-02      6.64879E+01      1.35000E-01      7.71824E+02      1.01250E+00
      1      1.35500E+00      2.10662E+02      3.38750E-01     -1.07196E+03     -1.35500E-01     -1.27773E+02     -8.46875E-02      6.64205E+01      1.35500E-01      7.72208E+02      1.01625E+00
      1      1.36000E+00      2.10191E+02      3.40000E-01     -1.07618E+03     -1.36000E-01     -1.27629E+02     -8.50000E-02      6.63531E+01      1.36000E-01      7.72591E+02      1.02000E+00
      1      1.36500E+00      2.09720E+02      3.41250E-01     -1.08040E+03     -1.36500E-01     -1.27486E+02     -8.53125E-02      6.62859E+01      1.36500E-01      7.72974E+02      1.02375E+00
      1      1.37000E+00      2.09251E+02      3.42500E-01     -1.08464E+03     -1.37000E-01     -1.27343E+02     -8.56250E-02      6.62187E+01      1.37000E-01      7.73358E+02      1.02750E+00
      1      1.37500E+00      2.08783E+02      3.43750E-01     -1.08889E+03     -1.37500E-01     -1.27200E+02     -8.59375E-02      6.61516E+01      1.37500E-01      7.73741E+02      1.03125E+00
      1      1.38000E+00      2.08315E+02      3.45000E-01     -1.09314E+03     -1.38000E-01     -1.27058E+02     -8.62500E-02      6.60845E+01      1.38000E-01      7.74124E+02      1.03500E+00
      1      1.38500E+00      2.07849E+02      3.46250E-01     -1.09741E+03     -1.38500E-01     -1.26916E+02     -8.65625E-02      6.60176E+01      1.38500E-01      7.74507E+02      1.03875E+00
      1      1.39000E+00      2.07384E+02      3.47500E-01     -1.10168E+03     -1.39000E-01     -1.26775E+02     -8.68750E-02      6.59507E+01      1.39000E-01      7.74890E+02      1.04250E+00
      1      1.39500E+00      2.06920E+02      3.48750E-01     -1.10596E+03     -1.39500E-01     -1.26634E+02     -8.71875E-02      6.58839E+01      1.39500E-01      7.75273E+02      1.04625E+00
      1      1.40000E+00      2.06457E+02      3.50000E-01     -1.11025E+03     -1.40000E-01     -1.26494E+02     -8.75000E-02      6.58172E+01      1.40000E-01      7.75656E+02      1.05000E+00
      1      1.40500E+00      2.05995E+02      3.51250E-01     -1.11455E+03     -1.40500E-01     -1.26354E+02     -8.78125E-02      6.57506E+01      1.40500E-01      7.76039E+02      1.05375E+00
      1      1.41000E+00      2.05534E+02      3.52500E-01     -1.11886E+03     -1.41000E-01     -1.26214E+02     -8.81250E-02      6.56840E+01      1.41000E-01      7.76422E+02      1.05750E+00
      1      1.41500E+00      2.05074E+02      3.53750E-01     -1.12317E+03     -1.41500E-01     -1.26076E+02     -8.84375E-02      6.56176E+01      1.41500E-01      7.76805E+02      1.06125E+00
      1      1.42000E+00      2.04615E+02      3.55000E-01     -1.12750E+03     -1.42000E-01     -1.25937E+02     -8.87500E-02      6.55512E+01      1.42000E-01      7.77187E+02      1.06500E+00
      1      1.42500E+00      2.04157E+02      3.56250E-01     -1.13183E+03     -1.42500E-01     -1.25799E+02     -8.90625E-02      6.54849E+01      1.42500E-01      7.77570E+02      1.06875E+00
      1      1.43000E+00      2.03701E+02      3.57500E-01     -1.13617E+03     -1.43000E-01     -1.25662E+02     -8.93750E-02      6.54186E+01      1.43000E-01      7.77952E+02      1.07250E+00
      1      1.43500E+00      2.03245E+02      3.58750E-01     -1.14053E+03     -1.43500E-01     -1.25525E+02     -8.96875E-02      6.53525E+01      1.43500E-01      7.78335E+02      1.07625E+00
      1      1.44000E+00      2.02790E+02      3.60000E-01     -1.14489E+03     -1.44000E-01     -1.25388E+02     -9.00000E-02      6.52864E+01      1.44000E-01      7.78717E+02      1.08000E+00
      1      1.44500E+00      2.02337E+02      3.61250E-01     -1.14926E+03     -1.44500E-01     -1.25252E+02     -9.03125E-02      6.52204E+01      1.44500E-01      7.79100E+02      1.08375E+00
      1      1.45000E+00      2.01884E+02      3.62500E-01     -1.15364E+03     -1.45000E-01     -1.25116E+02     -9.06250E-02      6.51545E+01      1.45000E-01      7.79482E+02      1.08750E+00
      1      1.45500E+00      2.01432E+02      3.63750E-01     -1.15803E+03     -1.45500E-01     -1.24981E+02     -9.09375E-02      6.50887E+01      1.45500E-01      7.79864E+02      1.09125E+00
      1      1.46000E+00      2.00982E+02      3.65000E-01     -1.16242E+03     -1.46000E-01     -1.24846E+02     -9.12500E-02      6.50229E+01      1.46000E-01      7.80246E+02      1.09500E+00
      1      1.46500E+00      2.00532E+02      3.66250E-01     -1.16683E+03     -1.46500E-01     -1.24712E+02     -9.15625E-02      6.49572E+01      1.46500E-01      7.80628E+02      1.09875E+00
      1      1.47000E+00      2.00084E+02      3.67500E-01     -1.17124E+03     -1.47000E-01     -1.24578E+02     -9.18750E-02      6.48916E+01      1.47000E-01      7.81010E+02      1.10250E+00
      1      1.47500E+00      1.99636E+02      3.68750E-01     -1.17567E+03     -1.47500E-01     -1.24445E+02     -9.21875E-02      6.48261E+01      1.47500E-01      7.81392E+02      1.10625E+00
      1      1.48000E+00      1.99189E+02      3.70000E-01     -1.18010E+03     -1.48000E-01     -1.24312E+02     -9.25000E-02      6.47607E+01      1.48000E-01      7.81774E+02      1.11000E+00
      1      1.48500E+00      1.98744E+02      3.71250E-01     -1.18454E+03     -1.48500E-01     -1.24180E+02     -9.28125E-02      6.46953E+01      1.48500E-01      7.82156E+02      1.11375E+00
      1      1.49000E+00      1.98299E+02      3.72500E-01     -1.18900E+03     -1.49000E-01     -1.24048E+02     -9.31250E-02      6.46300E+01      1.49000E-01      7.82538E+02      1.11750E+00
      1      1.49500E+00      1.97856E+02      3.73750E-01     -1.19346E+03     -1.49500E-01     -1.23916E+02     -9.34375E-02      6.45648E+01      1.49500E-01      7.82920E+02      1.12125E+00
      1      1.50000E+00      1.97413E+02      3.75000E-01     -1.19793E+03     -1.50000E-01     -1.23785E+02     -9.37500E-02      6.44997E+01      1.50000E-01      7.83302E+02      1.12500E+00
      1      1.50500E+00      1.96972E+02      3.76250E-01     -1.20241E+03     -1.50500E-01     -1.23655E+02     -9.40625E-02      6.44346E+01      1.50500E-01      7.83683E+02      1.12875E+00
      1      1.51000E+00      1.96531E+02      3.77500E-01     -1.20689E+03     -1.51000E-01     -1.23525E+02     -9.43750E-02      6.43696E+01      1.51000E-01      7.84065E+02      1.13250E+00
      1      1.51500E+00      1.96091E+02      3.78750E-01     -1.21139E+03     -1.51500E-01     -1.23395E+02     -9.46875E-02      6.43047E+01      1.51500E-01      7.84446E+02      1.13625E+00
      1      1.52000E+00      1.95653E+02      3.80000E-01     -1.21590E+03     -1.52000E-01     -1.23266E+02     -9.50000E-02      6.42399E+01      1.52000E-01      7.84828E+02      1.14000E+00
      1      1.52500E+00      1.95215E+02      3.81250E-01     -1.22041E+03     -1.52500E-01     -1.23138E+02     -9.53125E-02      6.41751E+01      1.52500E-01      7.85209E+02      1.14375E+00
      1      1.53000E+00      1.94778E+02      3.82500E-01     -1.22494E+03     -1.53000E-01     -1.23009E+02     -9.56250E-02      6.41105E+01      1.53000E-01      7.85591E+02      1.14750E+00
      1      1.53500E+00      1.94343E+02      3.83750E-01     -1.22947E+03     -1.53500E-01     -1.22882E+02     -9.59375E-02      6.40459E+01      1.53500E-01      7.85972E+02      1.15125E+00
      1      1.54000E+00      1.93908E+02      3.85000E-01     -1.23402E+03     -1.54000E-01     -1.22754E+02     -9.62500E-02      6.39813E+01      1.54000E-01      7.86354E+02      1.15500E+00
      1      1.54500E+00      1.93474E+02      3.86250E-01     -1.23857E+03     -1.54500E-01     -1.22628E+02     -9.65625E-02      6.39169E+01      1.54500E-01      7.86735E+02      1.15875E+00
      1      1.55000E+00      1.93041E+02      3.87500E-01     -1.24313E+03     -1.55000E-01     -1.22501E+02     -9.68750E-02      6.38525E+01      1.55000E-01      7.87116E+02      1.16250E+00
      1      1.55500E+00      1.92610E+02      3.88750E-01     -1.24770E+03     -1.55500E-01     -1.22375E+02     -9.71875E-02      6.37882E+01      1.55500E-01      7.87498E+02      1.16625E+00
      1      1.56000E+00      1.92179E+02      3.90000E-01     -1.25228E+03     -1.56000E-01     -1.22250E+02     -9.75000E-02      6.37240E+01      1.56000E-01      7.87879E+02      1.17000E+00
      1      1.56500E+00      1.91749E+02      3.91250E-01     -1.25687E+03     -1.56500E-01     -1.22125E+02     -9.78125E-02      6.36599E+01      1.56500E-01      7.88260E+02      1.17375E+00
      1      1.57000E+00      1.91320E+02      3.92500E-01     -1.26147E+03     -1.57000E-01     -1.22000E+02     -9.81250E-02      6.35958E+01      1.57000E-01      7.88641E+02      1.17750E+00
      1      1.57500E+00      1.90892E+02      3.93750E-01     -1.26608E+03     -1.57500E-01     -1.21876E+02     -9.84375E-02      6.35318E+01      1.57500E-01      7.89022E+02      1.18125E+00
      1      1.58000E+00      1.90465E+02      3.95000E-01     -1.27070E+03     -1.58000E-01     -1.21753E+02     -9.87500E-02      6.34679E+01      1.58000E-01      7.89403E+02      1.18500E+00
      1      1.58500E+00      1.90038E+02      3.96250E-01     -1.27533E+03     -1.58500E-01     -1.21630E+02     -9.90625E-02      6.34041E+01      1.58500E-01      7.89784E+02      1.18875E+00
      1      1.59000E+00      1.89613E+02      3.97500E-01     -1.27997E+03     -1.59000E-01     -1.21507E+02     -9.93750E-02      6.33403E+01      1.59000E-01      7.90165E+02      1.19250E+00
      1      1.59500E+00      1.89189E+02      3.98750E-01     -1.28461E+03     -1.59500E-01     -1.21385E+02     -9.96875E-02      6.32766E+01      1.59500E-01      7.90546E+02      1.19625E+00
      1      1.60000E+00      1.88765E+02      4.00000E-01     -1.28927E+03     -1.60000E-01     -1.21263E+02     -1.00000E-01      6.32130E+01      1.60000E-01      7.90927E+02      1.20000E+00
      1      1.60500E+00      1.88343E+02      4.01250E-01     -1.29393E+03     -1.60500E-01     -1.21142E+02     -1.00313E-01      6.31495E+01      1.60500E-01      7.91308E+02      1.20375E+00
      1      1.61000E+00      1.87921E+02      4.02500E-01     -1.29861E+03     -1.61000E-01     -1.21021E+02     -1.00625E-01      6.30860E+01      1.61000E-01      7.91689E+02      1.20750E+00
      1      1.61500E+00      1.87501E+02      4.03750E-01     -1.30329E+03     -1.61500E-01     -1.20901E+02     -1.00938E-01      6.30226E+01      1.61500E-01      7.92070E+02      1.21125E+00
      1      1.62000E+00      1.87081E+02      4.05000E-01     -1.30799E+03     -1.62000E-01     -1.20781E+02     -1.01250E-01      6.29593E+01      1.62000E-01      7.92451E+02      1.21500E+00
      1      1.62500E+00      1.86662E+02      4.06250E-01     -1.31269E+03     -1.62500E-01     -1.20661E+02     -1.01563E-01      6.28960E+01      1.62500E-01      7.92832E+02      1.21875E+00
      1      1.63000E+00      1.86245E+02      4.07500E-01     -1.31741E+03     -1.63000E-01     -1.20542E+02     -1.01875E-01      6.28329E+01      1.63000E-01      7.93212E+02      1.22250E+00
      1      1.63500E+00      1.85828E+02      4.08750E-01     -1.32213E+03     -1.63500E-01     -1.20424E+02     -1.02187E-01      6.27698E+01      1.63500E-01      7.93593E+02      1.22625E+00
      1      1.64000E+00      1.85412E+02      4.10000E-01     -1.32686E+03     -1.64000E-01     -1.20306E+02     -1.02500E-01      6.27068E+01      1.64000E-01      7.93974E+02      1.23000E+00
      1      1.64500E+00      1.84997E+02      4.11250E-01     -1.33160E+03     -1.64500E-01     -1.20188E+02     -1.02812E-01      6.26438E+01      1.64500E-01      7.94354E+02      1.23375E+00
      1      1.65000E+00      1.84582E+02      4.12500E-01     -1.33635E+03     -1.65000E-01     -1.20071E+02     -1.03125E-01      6.25809E+01      1.65000E-01      7.94735E+02      1.23750E+00
      1      1.65500E+00      1.84169E+02      4.13750E-01     -1.34112E+03     -1.65500E-01     -1.19954E+02     -1.03437E-01      6.25181E+01      1.65500E-01      7.95116E+02      1.24125E+00
      1      1.66000E+00      1.83757E+02      4.15000E-01     -1.34589E+03     -1.66000E-01     -1.19838E+02     -1.03750E-01      6.24554E+01      1.66000E-01      7.95496E+02      1.24500E+00
      1      1.66500E+00      1.83345E+02      4.16250E-01     -1.35067E+03     -1.66500E-01     -1.19722E+02     -1.04062E-01      6.23928E+01      1.66500E-01      7.95877E+02      1.24875E+00
      1      1.67000E+00      1.82935E+02      4.17500E-01     -1.35546E+03     -1.67000E-01     -1.19607E+02     -1.04375E-01      6.23302E+01      1.67000E-01      7.96258E+02      1.25250E+00
      1      1.67500E+00      1.82525E+02      4.18750E-01     -1.36026E+03     -1.67500E-01     -1.19492E+02     -1.04687E-01      6.22677E+01      1.67500E-01      7.96638E+02      1.25625E+00
      1      1.68000E+00      1.82116E+02      4.20000E-01     -1.36507E+03     -1.68000E-01     -1.19378E+02     -1.05000E-01      6.22052E+01      1.68000E-01      7.97019E+02      1.26000E+00
      1      1.68500E+00      1.81708E+02      4.21250E-01     -1.36989E+03     -1.68500E-01     -1.19264E+02     -1.05312E-01      6.21429E+01      1.68500E-01      7.97399E+02      1.26375E+00
      1      1.69000E+00      1.81301E+02      4.22500E-01     -1.37472E+03     -1.69000E-01     -1.19150E+02     -1.05625E-01      6.20806E+01      1.69000E-01      7.97780E+02      1.26750E+00
      1      1.69500E+00      1.80895E+02      4.23750E-01     -1.37956E+03     -1.69500E-01     -1.19037E+02     -1.05938E-01      6.20184E+01      1.69500E-01      7.98160E+02      1.27125E+00
      1      1.70000E+00      1.80489E+02      4.25000E-01     -1.38441E+03     -1.70000E-01     -1.18924E+02     -1.06250E-01      6.19562E+01      1.70000E-01      7.98541E+02      1.27500E+00
      1      1.70500E+00      1.80085E+02      4.26250E-01     -1.38927E+03     -1.70500E-01     -1.18812E+02     -1.06563E-01      6.18942E+01      1.70500E-01      7.98921E+02      1.27875E+00
      1      1.71000E+00      1.79681E+02      4.27500E-01     -1.39413E+03     -1.71000E-01     -1.18701E+02     -1.06875E-01      6.18322E+01      1.71000E-01      7.99302E+02      1.28250E+00
      1      1.71500E+00      1.79279E+02      4.28750E-01     -1.39901E+03     -1.71500E-01     -1.18589E+02     -1.07188E-01      6.17702E+01      1.71500E-01      7.99682E+02      1.28625E+00
      1      1.72000E+00      1.78877E+02      4.30000E-01     -1.40390E+03     -1.72000E-01     -1.18479E+02     -1.07500E-01      6.17084E+01      1.72000E-01      8.00063E+02      1.29000E+00
      1      1.72500E+00      1.78476E+02      4.31250E-01     -1.40880E+03     -1.72500E-01     -1.18368E+02     -1.07813E-01      6.16466E+01      1.72500E-01      8.00443E+02      1.29375E+00
      1      1.73000E+00      1.78076E+02      4.32500E-01     -1.41371E+03     -1.73000E-01     -1.18258E+02     -1.08125E-01      6.15849E+01      1.73000E-01      8.00824E+02      1.29750E+00
      1      1.73500E+00      1.77676E+02      4.33750E-01     -1.41863E+03     -1.73500E-01     -1.18149E+02     -1.08438E-01      6.15232E+01      1.73500E-01      8.01204E+02      1.30125E+00
      1      1.74000E+00      1.77278E+02      4.35000E-01     -1.42356E+03     -1.74000E-01     -1.18040E+02     -1.08750E-01      6.14617E+01      1.74000E-01      8.01584E+02      1.30500E+00
      1      1.74500E+00      1.76881E+02      4.36250E-01     -1.42849E+03     -1.74500E-01     -1.17931E+02     -1.09063E-01      6.14002E+01      1.74500E-01      8.01965E+02      1.30875E+00
      1      1.75000E+00      1.76484E+02      4.37500E-01     -1.43344E+03     -1.75000E-01     -1.17823E+02     -1.09375E-01      6.13387E+01      1.75000E-01      8.02345E+02      1.31250E+00
      1      1.75500E+00      1.76088E+02      4.38750E-01     -1.43840E+03     -1.75500E-01     -1.17716E+02     -1.09687E-01      6.12774E+01      1.75500E-01      8.02726E+02      1.31625E+00
      1      1.76000E+00      1.75693E+02      4.40000E-01     -1.44337E+03     -1.76000E-01     -1.17608E+02     -1.10000E-01      6.12161E+01      1.76000E-01      8.03106E+02      1.32000E+00
      1      1.76500E+00      1.75299E+02      4.41250E-01     -1.44835E+03     -1.76500E-01     -1.17502E+02     -1.10312E-01      6.11549E+01      1.76500E-01      8.03486E+02      1.32375E+00
      1      1.77000E+00      1.74905E+02      4.42500E-01     -1.45334E+03     -1.77000E-01     -1.17395E+02     -1.10625E-01      6.10937E+01      1.77000E-01      8.03867E+02      1.32750E+00
      1      1.77500E+00      1.74513E+02      4.43750E-01     -1.45834E+03     -1.77500E-01     -1.17290E+02     -1.10937E-01      6.10327E+01      1.77500E-01      8.04247E+02      1.33125E+00
      1      1.78000E+00      1.74121E+02      4.45000E-01     -1.46334E+03     -1.78000E-01     -1.17184E+02     -1.11250E-01      6.09717E+01      1.78000E-01      8.04628E+02      1.33500E+00
      1      1.78500E+00      1.73730E+02      4.46250E-01     -1.46836E+03     -1.78500E-01     -1.17079E+02     -1.11562E-01      6.09107E+01      1.78500E-01      8.05008E+02      1.33875E+00
      1      1.79000E+00      1.73340E+02      4.47500E-01     -1.47339E+03     -1.79000E-01     -1.16975E+02     -1.11875E-01      6.08499E+01      1.79000E-01      8.05388E+02      1.34250E+00
      1      1.79500E+00      1.72951E+02      4.48750E-01     -1.47843E+03     -1.79500E-01     -1.16871E+02     -1.12187E-01      6.07891E+01      1.79500E-01      8.05769E+02      1.34625E+00
      1      1.80000E+00      1.72563E+02      4.50000E-01     -1.48348E+03     -1.80000E-01     -1.16767E+02     -1.12500E-01      6.07284E+01      1.80000E-01      8.06149E+02      1.35000E+00
      1      1.80500E+00      1.72175E+02      4.51250E-01     -1.48854E+03     -1.80500E-01     -1.16664E+02     -1.12812E-01      6.06677E+01      1.80500E-01      8.06530E+02      1.35375E+00
      1      1.81000E+00      1.71789E+02      4.52500E-01     -1.49361E+03     -1.81000E-01     -1.16561E+02     -1.13125E-01      6.06071E+01      1.81000E-01      8.06910E+02      1.35750E+00
      1      1.81500E+00      1.71403E+02      4.53750E-01     -1.49869E+03     -1.81500E-01     -1.16459E+02     -1.13438E-01      6.05466E+01      1.81500E-01      8.07290E+02      1.36125E+00
      1      1.82000E+00      1.71018E+02      4.55000E-01     -1.50378E+03     -1.82000E-01     -1.16357E+02     -1.13750E-01      6.04862E+01      1.82000E-01      8.07671E+02      1.36500E+00
      1      1.82500E+00      1.70634E+02      4.56250E-01     -1.50888E+03     -1.82500E-01     -1.16256E+02     -1.14063E-01      6.04258E+01      1.82500E-01      8.08051E+02      1.36875E+00
      1      1.83000E+00      1.70250E+02      4.57500E-01     -1.51399E+03     -1.83000E-01     -1.16155E+02     -1.14375E-01      6.03655E+01      1.83000E-01      8.08432E+02      1.37250E+00
      1      1.83500E+00      1.69868E+02      4.58750E-01     -1.51911E+03     -1.83500E-01     -1.16054E+02     -1.14688E-01      6.03053E+01      1.83500E-01      8.08812E+02      1.37625E+00
      1      1.84000E+00      1.69486E+02      4.60000E-01     -1.52425E+03     -1.84000E-01     -1.15954E+02     -1.15000E-01      6.02451E+01      1.84000E-01      8.09193E+02      1.38000E+00
      1      1.84500E+00      1.69105E+02      4.61250E-01     -1.52939E+03     -1.84500E-01     -1.15855E+02     -1.15313E-01      6.01850E+01      1.84500E-01      8.09573E+02      1.38375E+00
      1      1.85000E+00      1.68724E+02      4.62500E-01     -1.53454E+03     -1.85000E-01     -1.15756E+02     -1.15625E-01      6.01250E+01      1.85000E-01      8.09954E+02      1.38750E+00
      1      1.85500E+00      1.68345E+02      4.63750E-01     -1.53970E+03     -1.85500E-01     -1.15657E+02     -1.15938E-01      6.00650E+01      1.85500E-01      8.10334E+02      1.39125E+00
      1      1.86000E+00      1.67966E+02      4.65000E-01     -1.54488E+03     -1.86000E-01     -1.15559E+02     -1.16250E-01      6.00051E+01      1.86000E-01      8.10715E+02      1.39500E+00
      1      1.86500E+00      1.67589E+02      4.66250E-01     -1.55006E+03     -1.86500E-01     -1.15461E+02     -1.16563E-01      5.99453E+01      1.86500E-01      8.11095E+02      1.39875E+00
      1      1.87000E+00      1.67212E+02      4.67500E-01     -1.55525E+03     -1.87000E-01     -1.15363E+02     -1.16875E-01      5.98855E+01      1.87000E-01      8.11476E+02      1.40250E+00
      1      1.87500E+00      1.66835E+02      4.68750E-01     -1.56046E+03     -1.87500E-01     -1.15266E+02     -1.17188E-01      5.98259E+01      1.87500E-01      8.11856E+02      1.40625E+00
      1      1.88000E+00      1.66460E+02      4.70000E-01     -1.56567E+03     -1.88000E-01     -1.15170E+02     -1.17500E-01      5.97662E+01      1.88000E-01      8.12237E+02      1.41000E+00
      1      1.88500E+00      1.66085E+02      4.71250E-01     -1.57090E+03     -1.88500E-01     -1.15074E+02     -1.17812E-01      5.97067E+01      1.88500E-01      8.12617E+02      1.41375E+00
      1      1.89000E+00      1.65711E+02      4.72500E-01     -1.57614E+03     -1.89000E-01     -1.14978E+02     -1.18125E-01      5.96472E+01      1.89000E-01      8.12998E+02      1.41750E+00
      1      1.89500E+00      1.65338E+02      4.73750E-01     -1.58138E+03     -1.89500E-01     -1.14883E+02     -1.18437E-01      5.95878E+01      1.89500E-01      8.13379E+02      1.42125E+00
      1      1.90000E+00      1.64966E+02      4.75000E-01     -1.58664E+03     -1.90000E-01     -1.14788E+02     -1.18750E-01      5.95285E+01      1.90000E-01      8.13759E+02      1.42500E+00
      1      1.90500E+00      1.64594E+02      4.76250E-01     -1.59191E+03     -1.90500E-01     -1.14694E+02     -1.19062E-01      5.94692E+01      1.90500E-01      8.14140E+02      1.42875E+00
      1      1.91000E+00      1.64224E+02      4.77500E-01     -1.59719E+03     -1.91000E-01     -1.14600E+02     -1.19375E-01      5.94100E+01      1.91000E-01      8.14521E+02      1.43250E+00
      1      1.91500E+00      1.63854E+02      4.78750E-01     -1.60248E+03     -1.91500E-01     -1.14507E+02     -1.19687E-01      5.93508E+01      1.91500E-01      8.14901E+02      1.43625E+00
      1      1.92000E+00      1.63484E+02      4.80000E-01     -1.60778E+03     -1.92000E-01     -1.14414E+02     -1.20000E-01      5.92917E+01      1.92000E-01      8.15282E+02      1.44000E+00
      1      1.92500E+00      1.63116E+02      4.81250E-01     -1.61309E+03     -1.92500E-01     -1.14321E+02     -1.20312E-01      5.92327E+01      1.92500E-01      8.15663E+02      1.44375E+00
      1      1.93000E+00      1.62748E+02      4.82500E-01     -1.61841E+03     -1.93000E-01     -1.14229E+02     -1.20625E-01      5.91738E+01      1.93000E-01      8.16044E+02      1.44750E+00
      1      1.93500E+00      1.62381E+02      4.83750E-01     -1.62374E+03     -1.93500E-01     -1.14137E+02     -1.20937E-01      5.91149E+01      1.93500E-01      8.16424E+02      1.45125E+00
      1      1.94000E+00      1.62015E+02      4.85000E-01     -1.62908E+03     -1.94000E-01     -1.14046E+02     -1.21250E-01      5.90561E+01      1.94000E-01      8.16805E+02      1.45500E+00
      1      1.94500E+00      1.61650E+02      4.86250E-01     -1.63444E+03     -1.94500E-01     -1.13955E+02     -1.21563E-01      5.89974E+01      1.94500E-01      8.17186E+02      1.45875E+00
      1      1.95000E+00      1.61285E+02      4.87500E-01     -1.63980E+03     -1.95000E-01     -1.13865E+02     -1.21875E-01      5.89387E+01      1.95000E-01      8.17567E+02      1.46250E+00
      1      1.95500E+00      1.60921E+02      4.88750E-01     -1.64518E+03     -1.95500E-01     -1.13775E+02     -1.22188E-01      5.88801E+01      1.95500E-01      8.17948E+02      1.46625E+00
      1      1.96000E+00      1.60558E+02      4.90000E-01     -1.65056E+03     -1.96000E-01     -1.13685E+02     -1.22500E-01      5.88215E+01      1.96000E-01      8.18329E+02      1.47000E+00
      1      1.96500E+00      1.60195E+02      4.91250E-01     -1.65596E+03     -1.96500E-01     -1.13596E+02     -1.22813E-01      5.87630E+01      1.96500E-01      8.18710E+02      1.47375E+00
      1      1.97000E+00      1.59834E+02      4.92500E-01     -1.66137E+03     -1.97000E-01     -1.13508E+02     -1.23125E-01      5.87046E+01      1.97000E-01      8.19091E+02      1.47750E+00
      1      1.97500E+00      1.59473E+02      4.93750E-01     -1.66679E+03     -1.97500E-01     -1.13419E+02     -1.23438E-01      5.86463E+01      1.97500E-01      8.19472E+02      1.48125E+00
      1      1.98000E+00      1.59113E+02      4.95000E-01     -1.67222E+03     -1.98000E-01     -1.13332E+02     -1.23750E-01      5.85880E+01      1.98000E-01      8.19853E+02      1.48500E+00
      1      1.98500E+00      1.58753E+02      4.96250E-01     -1.67766E+03     -1.98500E-01     -1.13244E+02     -1.24063E-01      5.85298E+01      1.98500E-01      8.20234E+02      1.48875E+00
      1      1.99000E+00      1.58395E+02      4.97500E-01     -1.68311E+03     -1.99000E-01     -1.13157E+02     -1.24375E-01      5.84716E+01      1.99000E-01      8.20615E+02      1.49250E+00
      1      1.99500E+00      1.58037E+02      4.98750E-01     -1.68857E+03     -1.99500E-01     -1.13071E+02     -1.24688E-01      5.84136E+01      1.99500E-01      8.20996E+02      1.49625E+00
      1      2.00000E+00      1.57679E+02      5.00000E-01     -1.69404E+03     -2.00000E-01     -1.12985E+02     -1.25000E-01      5.83555E+01      2.00000E-01      8.21377E+02      1.50000E+00
